[gd_scene format=3 uid="uid://rh6hfvwqbwpn"]

[ext_resource type="PackedScene" uid="uid://bebgabc7cn4g4" path="res://test_hurtbox.tscn" id="1_cguwc"]
[ext_resource type="PackedScene" uid="uid://d2c52yaykwtnn" path="res://character_body_3d.tscn" id="2_wicfy"]

[sub_resource type="StandardMaterial3D" id="StandardMaterial3D_go42g"]
albedo_color = Color(1, 0.48235294, 0.3764706, 1)
metallic = 0.65
roughness = 0.74

[sub_resource type="BoxMesh" id="BoxMesh_sreuk"]
material = SubResource("StandardMaterial3D_go42g")

[node name="Node3D" type="Node3D" unique_id=1019160421]

[node name="MeshInstance3D" type="MeshInstance3D" parent="." unique_id=1392835828]
transform = Transform3D(100, 0, 0, 0, 0.5, 0, 0, 0, 100, 0, 0, 0)
mesh = SubResource("BoxMesh_sreuk")

[node name="TestHurtbox2" parent="." unique_id=1000997899 instance=ExtResource("1_cguwc")]
transform = Transform3D(1, 0, 0, 0, 0.70710677, 0.70710677, 0, -0.70710677, 0.70710677, 1.995378, 0.6715944, 0)
disable_mode = 0

[node name="CharacterBody3D" parent="." unique_id=148623396 instance=ExtResource("2_wicfy")]
transform = Transform3D(1, 0, 0, 0, 1, 0, 0, 0, 1, 0, 0.9082508, 14.10857)

[node name="TestHurtbox3" parent="." unique_id=16870693 instance=ExtResource("1_cguwc")]
transform = Transform3D(1, 0, 0, 0, 0.8660254, 0.5, 0, -0.5, 0.8660254, 0.076381445, 0.7404611, 0)

[node name="TestHurtbox4" parent="." unique_id=1839205288 instance=ExtResource("1_cguwc")]
transform = Transform3D(0.49999997, 0, 0.86602545, 0, 1, 0, -0.86602545, 0, 0.49999997, 7.560998, 0.7673042, 0)
disable_mode = 0

[node name="TestHurtbox5" parent="." unique_id=922398955 instance=ExtResource("1_cguwc")]
transform = Transform3D(0.8660254, -0.25, 0.4330127, 0, 0.8660254, 0.5, -0.5, -0.4330127, 0.75, 5.6425047, 0.7528336, 0.084086895)
disable_mode = 0

[node name="TestHurtbox6" parent="." unique_id=323673969 instance=ExtResource("1_cguwc")]
transform = Transform3D(1, 0, 0, 0, 0.9659258, 0.25881904, 0, -0.25881904, 0.9659258, -1.6342027, 0.73911047, 0)

[node name="TestHurtbox7" parent="." unique_id=1190355583 instance=ExtResource("1_cguwc")]
transform = Transform3D(1, 0, 0, 0, 1, 0, 0, 0, 1, -3.3005319, 0.7363744, 0)

[node name="TestHurtbox8" parent="." unique_id=1091274791 instance=ExtResource("1_cguwc")]
transform = Transform3D(1, 0, 0, 0, 0.49999994, 0.8660254, 0, -0.8660254, 0.49999994, 3.7497551, 0.60287523, 0)
disable_mode = 0

[node name="TestHurtbox9" parent="." unique_id=218111441 instance=ExtResource("1_cguwc")]
transform = Transform3D(1, 0, 0, 0, 1, 0, 0, 0, 1, -3.3005319, 0.7363744, -0.79207087)

[node name="TestHurtbox10" parent="." unique_id=1370632291 instance=ExtResource("1_cguwc")]
transform = Transform3D(1, 0, 0, 0, 1, 0, 0, 0, 15, -5.6341853, 0.7363744, -3.6464458)
